8473873847161266611284738
6261226212473848473862216
4738461961384731269647384
2192912199847384738429629
3847347384216621192138473
1926199212738473847311191
8473826969847382661984738
9612684738226168473866912
9266647384692614738492296
4738438473111221122647384
7384721626738479961273847
1129262112473848473899922
8473884738129926116684738
9966973847991197384761226
6692169296738478473826991
3847396992384732969938473
2922973847219193847311269
9611638473696624738429619
7384784738669911229173847
3847391662473846116938473
7384773847129912969273847
1166211621847383847311262
3847338473962169296138473
9292147384619617384799199
4738484738291269922947384
6626992299384733847326111
2961638473226194738492922
8473821169738479991682738
1291226626473847384761629
6119912111738478473812996
4738447384162996622147384
2229119221384733847396611
8473884738616219216984738
1119173847992694738419161
7384769161847382612273847
3847396996384731691138473
6619647384921927384766166
4738438473962262196247384
2991269919847387384722662
7384712626473846229673847










3627341884627364848936273
8448836273273621911489118
6273684198488417362762736
4494436273819816273641944
7362799149736274114173627
3627388948273629491436273
9491962736148113627391999
2736214981984942736227362
9944173627736279881991888
6273698844118496273662736
4118927362362739998911994
1849436273627364844889189
2736249111362731499827362
8818162736194887362749418
9994873627736271188114844
6273618811489182736262736
1191136273941946273698181
7362794181498417362773627
8489973627273629849984499
3627381418911893627336273
7362714994627368449173627
3627391889911442736236273
1941862736844147362749941
1489973627191983627318818
7362711418736278114173627
9114827362362734181498144
4889436273199113627314411
2736244994811892736227362
8811127362627368998481899
3627389411362734849836273
6273648899889997362762736
4188162736948146273644481
8914427362494882736248941
2736219448273621414827362
9199973627362738981194819
7362798199844986273673627
1841862736273621198918198
6273641489736279419462736
4988427362627368984889484
2736289944489493627327362